ccn,ccn_lat,ccn_lng,county,county_border_lat,county_border_lng,distance
150002,41.599198,-87.357635,17093,41.71954822183391,-88.60185099402905,64.7438884805244
150002,41.599198,-87.357635,17093,41.71982602307737,-88.57666914280412,63.4577544055664
150002,41.599198,-87.357635,17093,41.72010316976481,-88.55148032593819,62.17182973102361
150002,41.599198,-87.357635,17093,41.720657938937634,-88.52624998681915,60.88690045475825
150002,41.599198,-87.357635,17093,41.721351811794634,-88.50105111402448,59.60566122554083
150002,41.599198,-87.357635,17093,41.72135168917683,-88.47626544588573,58.339786543066985
150002,41.599198,-87.357635,17093,41.72168738000512,-88.45097253587616,57.051899212046024
150002,41.599198,-87.357635,17093,41.722044884324575,-88.42607583917719,55.78526757290416
150002,41.599198,-87.357635,17093,41.722322662426464,-88.40080346843945,54.49953369703901
150002,41.599198,-87.357635,17093,41.72259981396461,-88.37553516259952,53.2149133557855
150002,41.599198,-87.357635,17093,41.72287720336054,-88.3510096210781,51.969082940487304
150002,41.599198,-87.357635,17093,41.723310336848115,-88.32592159705011,50.69739782450507
150002,41.599198,-87.357635,17093,41.723835521937374,-88.30066784906774,49.41959008380204
150002,41.599198,-87.357635,17093,41.72412510588373,-88.27539033469172,48.13914900607873
150002,41.599198,-87.357635,17093,41.71657502686901,-88.26137209706704,47.338248109298654
150002,41.599198,-87.357635,17093,41.69802732222981,-88.26067743708334,47.106902940639394
150002,41.599198,-87.357635,17093,41.67942601817363,-88.26031100234485,46.92583091941138
150002,41.599198,-87.357635,17093,41.660823411855404,-88.25994495433716,46.77936864101682
150002,41.599198,-87.357635,17093,41.64225435421144,-88.25921273515357,46.6491011235828
150002,41.599198,-87.357635,17093,41.623677066985,-88.25855911228282,46.557866808906155
150002,41.599198,-87.357635,17093,41.605083677422314,-88.25774690644536,46.49368521537131
150002,41.599198,-87.357635,17093,41.58648858481299,-88.25701572594708,46.469127359558264
150002,41.599198,-87.357635,17093,41.56793207827418,-88.25609954863424,46.47038603462441
150002,41.599198,-87.357635,17093,41.54953262791702,-88.25536650266281,46.51558343050917
150002,41.599198,-87.357635,17093,41.53096931140456,-88.25463314857987,46.59660870897707
150002,41.599198,-87.357635,17093,41.51242402585713,-88.25401942920723,46.718677175504325
150002,41.599198,-87.357635,17093,41.493834366828445,-88.25333703498137,46.87243323863378
150002,41.599198,-87.357635,17093,41.47524534281197,-88.25262036678966,47.05898948596056
150002,41.599198,-87.357635,17093,41.4626683619773,-88.26073077158593,47.64017441954693
150002,41.599198,-87.357635,17093,41.461962825385726,-88.28586592951783,48.92448796060904
150002,41.599198,-87.357635,17093,41.461409190193315,-88.3108575259757,50.20033063224519
150002,41.599198,-87.357635,17093,41.460865497043756,-88.33605785386038,51.48751566478423
150002,41.599198,-87.357635,17093,41.46056679656624,-88.36121635241656,52.77023000852705
150002,41.599198,-87.357635,17093,41.46017193679125,-88.3863719813893,54.05490457131857
150002,41.599198,-87.357635,17093,41.459617368578336,-88.4115488294051,55.34342556428799
150002,41.599198,-87.357635,17093,41.45906249185476,-88.43672477900702,56.63256097956296
150002,41.599198,-87.357635,17093,41.45841366535045,-88.4618957656964,57.92318641202317
150002,41.599198,-87.357635,17093,41.457813924633,-88.48702746531389,59.211763960717036
150002,41.599198,-87.357635,17093,41.45767514442901,-88.51221895940988,60.498549400835884
150002,41.599198,-87.357635,17093,41.45767535259279,-88.53743117145211,61.78547816997302
150002,41.599198,-87.357635,17093,41.45741650344152,-88.56263265049934,63.075445259905884
150002,41.599198,-87.357635,17093,41.45706011339862,-88.5878374605665,64.36720207927745
150002,41.599198,-87.357635,17093,41.46956240337203,-88.59630889271538,64.66883303064495
150002,41.599198,-87.357635,17093,41.48815118898597,-88.59696856992903,64.52831410975362
150002,41.599198,-87.357635,17093,41.50673812241603,-88.59763984955222,64.41369523086216
150002,41.599198,-87.357635,17093,41.52531610295382,-88.59837070795948,64.32762174268903
150002,41.599198,-87.357635,17093,41.54387028011322,-88.59944770580607,64.28502413118076
150002,41.599198,-87.357635,17093,41.56241370504594,-88.59983674651403,64.2324923585482
150002,41.599198,-87.357635,17093,41.58077582923326,-88.60038541970768,64.21404976071454
150002,41.599198,-87.357635,17093,41.59908915580335,-88.60098685697682,64.22340030668919
150002,41.599198,-87.357635,17093,41.61767259963352,-88.60185000646369,64.27139841038868
150002,41.599198,-87.357635,17093,41.63627329054213,-88.60233981575512,64.32575173305155
150002,41.599198,-87.357635,17093,41.65485148552184,-88.60240028310821,64.38347898962662
150002,41.599198,-87.357635,17093,41.673453143426585,-88.60276115805992,64.48227617431057
150002,41.599198,-87.357635,17093,41.692055942115914,-88.60301329539003,64.60089580125297
150002,41.599198,-87.357635,17093,41.71066126036494,-88.60344366080294,64.753950284949
150002,41.599198,-87.357635,17031,41.68556573169327,-88.02920000178553,35.17518105251343
150002,41.599198,-87.357635,17031,41.685565833699506,-88.00698476058588,34.04562494704444
150002,41.599198,-87.357635,17031,41.68612071071456,-87.9847526824939,32.92323050330388
150002,41.599198,-87.357635,17031,41.688208429364956,-87.96432561444739,31.914042388816803
150002,41.599198,-87.357635,17031,41.696769116347454,-87.94595913469352,31.105065818002682
150002,41.599198,-87.357635,17031,41.708715810020536,-87.93380665386138,30.683292588699935
150002,41.599198,-87.357635,17031,41.716464607272336,-87.918179135592,30.040510864979982
150002,41.599198,-87.357635,17031,41.72951943407923,-87.91489042916591,30.13130441899888
150002,41.599198,-87.357635,17031,41.7458672530826,-87.91547418031553,30.512667620924482
150002,41.599198,-87.357635,17031,41.76222890647437,-87.91602345625711,30.929277924487693
150002,41.599198,-87.357635,17031,41.77856428177409,-87.91657449726802,31.38046277856264
150002,41.599198,-87.357635,17031,41.79486248116992,-87.91730562351118,31.87257270685759
150002,41.599198,-87.357635,17031,41.81119670395226,-87.91785585310997,32.38916623133581
150002,41.599198,-87.357635,17031,41.82756995893718,-87.91858847625905,32.94587186961378
150002,41.599198,-87.357635,17031,41.84357401647476,-87.9195035540156,33.52686711935504
150002,41.599198,-87.357635,17031,41.8598698917071,-87.91987095730752,34.12041383227936
150002,41.599198,-87.357635,17031,41.87619432759236,-87.92042043008281,34.749216593666446
150002,41.599198,-87.357635,17031,41.89259722267894,-87.92060331705399,35.390381470824934
150002,41.599198,-87.357635,17031,41.90889098250761,-87.92041898618552,36.036071142894095
150002,41.599198,-87.357635,17031,41.925173561475475,-87.92023590906307,36.70450439194719
150002,41.599198,-87.357635,17031,41.94159101039984,-87.920235133306,37.40797049773957
150002,41.599198,-87.357635,17031,41.957528866848705,-87.92005405492003,38.10368662597368
150002,41.599198,-87.357635,17031,41.9739258061297,-87.92042023190832,38.860231421599806
150002,41.599198,-87.357635,17031,41.99034176306292,-87.92058308109907,39.62793750152877
150002,41.599198,-87.357635,17031,41.993489160241225,-87.9378761497963,40.42956757449919
150002,41.599198,-87.357635,17031,41.99315410420186,-87.96024403951856,41.272928905211
150002,41.599198,-87.357635,17031,41.99279533083529,-87.98254425370315,42.12720785607173
150002,41.599198,-87.357635,17031,41.99265631515934,-88.00487240385861,43.00587189376719
150002,41.599198,-87.357635,17031,41.992518095378564,-88.02724748664315,43.89900428679187
150002,41.599198,-87.357635,17031,41.991717532812785,-88.04942518619056,44.76831193820444
150002,41.599198,-87.357635,17031,41.99099203598888,-88.07179943707777,45.66093553204277
150002,41.599198,-87.357635,17031,41.99018270065036,-88.09385263396423,46.54822695498579
150002,41.599198,-87.357635,17031,41.989327380821,-88.1161938214151,47.45661171682077
150002,41.599198,-87.357635,17031,41.98851092737319,-88.13841551116126,48.37176520749863
150002,41.599198,-87.357635,17031,41.98794073049502,-88.1607099001046,49.30891723482811
150002,41.599198,-87.357635,17031,41.987663045808404,-88.18269006689778,50.251888122690595
150002,41.599198,-87.357635,17031,41.98710867282145,-88.20489085550675,51.2022869828624
150002,41.599198,-87.357635,17031,41.98674246985176,-88.22716490292039,52.1703225836197
150002,41.599198,-87.357635,17031,41.98641999284887,-88.24954434276978,53.15170234415732
150002,41.599198,-87.357635,17031,41.99290885825039,-88.26305748019787,53.97657778393864
150002,41.599198,-87.357635,17031,42.009273600309996,-88.2632719761869,54.55916210780142
150002,41.599198,-87.357635,17031,42.025622293197465,-88.2632410464505,55.14748780043759
150002,41.599198,-87.357635,17031,42.04202711839046,-88.26342434022679,55.76381034057855
150002,41.599198,-87.357635,17031,42.0584468695436,-88.26342366745843,56.38891092696478
150002,41.599198,-87.357635,17031,42.06700169202073,-88.25222267723878,56.248052082820585
150002,41.599198,-87.357635,17031,42.07279410806391,-88.23797012613954,55.88085387603501
150002,41.599198,-87.357635,17031,42.0892095389999,-88.23833538396441,56.562481814816636
150002,41.599198,-87.357635,17031,42.10562525361369,-88.23842778019836,57.2473469200713
150002,41.599198,-87.357635,17031,42.12190656933803,-88.23833523201266,57.9331162833735
150002,41.599198,-87.357635,17031,42.1383215943429,-88.23833571639679,58.641963130390835
150002,41.599198,-87.357635,17031,42.15424674502383,-88.23765556708628,59.31555492765369
150002,41.599198,-87.357635,17031,42.15424654129728,-88.2151960700423,58.438947772939144
150002,41.599198,-87.357635,17031,42.154246783552594,-88.19273608721801,57.572170057638594
150002,41.599198,-87.357635,17031,42.15424670148749,-88.17027729255226,56.715701714715294
150002,41.599198,-87.357635,17031,42.15424668151196,-88.14781646401349,55.869910811395584
150002,41.599198,-87.357635,17031,42.15424662575962,-88.12535678874646,55.035409185713775
150002,41.599198,-87.357635,17031,42.154107979358045,-88.10335572189786,54.222614623833145
150002,41.599198,-87.357635,17031,42.15396930987506,-88.0809777788345,53.40791487283028
150002,41.599198,-87.357635,17031,42.15383071889098,-88.05856452212282,52.604535673634
150002,41.599198,-87.357635,17031,42.15370164252672,-88.03618477380877,51.8159889305648
150002,41.599198,-87.357635,17031,42.153691818591476,-88.01372896338331,51.04478800789405
150002,41.599198,-87.357635,17031,42.153691860608525,-87.99126998385599,50.28869689744595
150002,41.599198,-87.357635,17031,42.15355325765818,-87.96883456140156,49.541385273805474
150002,41.599198,-87.357635,17031,42.153136932458615,-87.94652637880384,48.79896815409333
150002,41.599198,-87.357635,17031,42.153090961069886,-87.92407953842095,48.08845458348397
150002,41.599198,-87.357635,17031,42.15299834294407,-87.90183158535017,47.39885648732578
150002,41.599198,-87.357635,17031,42.15299818185436,-87.87937219671149,46.726073107284414
150002,41.599198,-87.357635,17031,42.15285985609673,-87.85692540443233,46.06488220761902
150002,41.599198,-87.357635,17031,42.15272072656045,-87.83447675175314,45.42331278648366
150002,41.599198,-87.357635,17031,42.15258231785412,-87.81206419732027,44.80332350674675
150002,41.599198,-87.357635,17031,42.15244329509981,-87.78992786339869,44.21180693516316
150002,41.599198,-87.357635,17031,42.15234672560717,-87.76748100443838,43.636824658251555
150002,41.599198,-87.357635,17031,42.15305716189963,-87.74515378380383,43.13732456233327
150002,41.599198,-87.357635,17031,42.15340760764502,-87.7227081171725,42.63797490494907
150002,41.599198,-87.357635,17031,42.153168360558844,-87.70025131189563,42.12713782596909
150002,41.599198,-87.357635,17031,42.15285765273523,-87.67779641878576,41.63758756313571
150002,41.599198,-87.357635,17031,42.15254306594317,-87.65534172771464,41.17437940046336
150002,41.599198,-87.357635,17031,42.15226026436438,-87.63288611501322,40.74070036363027
150002,41.599198,-87.357635,17031,42.152151140290655,-87.61042667959356,40.34673019701305
150002,41.599198,-87.357635,17031,42.15212533732577,-87.58796785937248,39.987765051716785
150002,41.599198,-87.357635,17031,42.15209565383007,-87.56550905708264,39.658946590305916
150002,41.599198,-87.357635,17031,42.152062089808965,-87.54305027523213,39.36103034985109
150002,41.599198,-87.357635,17031,42.152027527937264,-87.52059116367327,39.09491335646375
150002,41.599198,-87.357635,17031,42.152019374803565,-87.49813312910278,38.8631236991397
150002,41.599198,-87.357635,17031,42.15192821031156,-87.47567370589377,38.6587906116083
150002,41.599198,-87.357635,17031,42.15183326905207,-87.45321591969238,38.48780777104231
150002,41.599198,-87.357635,17031,42.15173434338857,-87.43075661931104,38.35058374608967
150002,41.599198,-87.357635,17031,42.15163192977414,-87.4082989251501,38.247534392743084
150002,41.599198,-87.357635,17031,42.151525347786205,-87.38584133425631,38.17887932987182
150002,41.599198,-87.357635,17031,42.151407863268176,-87.36338309882879,38.14433868709672
150002,41.599198,-87.357635,17031,42.15128005230874,-87.34092415616587,38.144048669123215
150002,41.599198,-87.357635,17031,42.151148754576354,-87.3184668378721,38.17847951721913
150002,41.599198,-87.357635,17031,42.15101318274386,-87.29600806530928,38.2474892126414
150002,41.599198,-87.357635,17031,42.15087412471969,-87.27355092186988,38.350934487815266
150002,41.599198,-87.357635,17031,42.15077905765566,-87.25109259591895,38.49179687890457
150002,41.599198,-87.357635,17031,42.150616282575186,-87.22863605146615,38.66204504418632
150002,41.599198,-87.357635,17031,42.150455967672144,-87.20617880894874,38.866062614653906
150002,41.599198,-87.357635,17031,42.1503198327585,-87.183719691487,39.104798272075854
150002,41.599198,-87.357635,17031,42.15018021282926,-87.16126220285962,39.37573511980821
150002,41.599198,-87.357635,17031,42.150036424611116,-87.13880484256653,39.67818327785719
150002,41.599198,-87.357635,17031,42.14959955823018,-87.11636079932288,39.99225489027612
150002,41.599198,-87.357635,17031,42.13700476999316,-87.11442664618419,39.19818429948436
150002,41.599198,-87.357635,17031,42.12088154894215,-87.11868830726158,38.073563605488836
150002,41.599198,-87.357635,17031,42.104773960927936,-87.12305407694303,36.948814578348454
150002,41.599198,-87.357635,17031,42.08861474320095,-87.12679691847583,35.83192648157189
150002,41.599198,-87.357635,17031,42.07248730948782,-87.13101525437744,34.70986403573696
150002,41.599198,-87.357635,17031,42.05636337313209,-87.13524550808756,33.58864643133531
150002,41.599198,-87.357635,17031,42.04023710084074,-87.13946619016336,32.46835436698386
150002,41.599198,-87.357635,17031,42.02411047113064,-87.14368499030225,31.349084095327648
150002,41.599198,-87.357635,17031,42.00798463501354,-87.14790176275034,30.231027878146918
150002,41.599198,-87.357635,17031,41.992898126608225,-87.15026284320979,29.21588152312772
150002,41.599198,-87.357635,17031,41.97673973785002,-87.15423138929604,28.103630231254794
150002,41.599198,-87.357635,17031,41.960582009118724,-87.1582043828158,26.99316068232515
150002,41.599198,-87.357635,17031,41.94442440103515,-87.16217396225606,25.884826131821516
150002,41.599198,-87.357635,17031,41.92827280063848,-87.16618376123819,24.7783867647289
150002,41.599198,-87.357635,17031,41.91212917403501,-87.170254102349,23.673801441300675
150002,41.599198,-87.357635,17031,41.8959705199886,-87.1741930015822,22.5740474521818
150002,41.599198,-87.357635,17031,41.87980946363473,-87.1781256572215,21.477846351186468
150002,41.599198,-87.357635,17031,41.86366097128255,-87.18214360211026,20.38462213357064
150002,41.599198,-87.357635,17031,41.8475336201167,-87.18627893687734,19.294640684849234
150002,41.599198,-87.357635,17031,41.831384548865074,-87.19028693318106,18.211796975312744
150002,41.599198,-87.357635,17031,41.81523601192293,-87.19429778149635,17.135540549913188
150002,41.599198,-87.357635,17031,41.79908768637607,-87.19830677444591,16.067300172896072
150002,41.599198,-87.357635,17031,41.78293957078253,-87.20231391330258,15.008782433957736
150002,41.599198,-87.357635,17031,41.76678472106475,-87.20625998787686,13.963503956027347
150002,41.599198,-87.357635,17031,41.76087151194462,-87.22217895009847,13.173588232357817
150002,41.599198,-87.357635,17031,41.76065768295252,-87.24451025012901,12.587292757601258
150002,41.599198,-87.357635,17031,41.76060509434606,-87.26684284724195,12.092922751264219
150002,41.599198,-87.357635,17031,41.7605568204704,-87.28917596862112,11.691827903420304
150002,41.599198,-87.357635,17031,41.76046634918555,-87.3115090973372,11.390735258679017
150002,41.599198,-87.357635,17031,41.760372491864594,-87.33384052747614,11.200393748500298
150002,41.599198,-87.357635,17031,41.76027488340285,-87.35617346421844,11.126436059092187
150002,41.599198,-87.357635,17031,41.76019667397009,-87.37850662076741,11.172784212146265
150002,41.599198,-87.357635,17031,41.760244714332266,-87.4008394735585,11.345195816563383
150002,41.599198,-87.357635,17031,41.76028889794595,-87.4231723558352,11.629478050319955
150002,41.599198,-87.357635,17031,41.76033037718445,-87.44550512362117,12.01776547091204
150002,41.599198,-87.357635,17031,41.7603889504752,-87.4678385121772,12.501602829559411
150002,41.599198,-87.357635,17031,41.760442987164055,-87.49017043928986,13.06906323685826
150002,41.599198,-87.357635,17031,41.7599783078704,-87.51211938313125,13.669434625689853
150002,41.599198,-87.357635,17031,41.75191687055414,-87.52374265188114,13.591253075588154
150002,41.599198,-87.357635,17031,41.73550453664195,-87.52393915092769,12.739008887070836
150002,41.599198,-87.357635,17031,41.71909546864197,-87.5241889116794,11.935835728976475
150002,41.599198,-87.357635,17031,41.702868368037,-87.52448912424393,11.200012602189627
150002,41.599198,-87.357635,17031,41.68646298297818,-87.52485511641396,10.528052236481015
150002,41.599198,-87.357635,17031,41.67010358107048,-87.52485547022741,9.925388768780994
150002,41.599198,-87.357635,17031,41.6537014618925,-87.52485474056873,9.418995508581904
150002,41.599198,-87.357635,17031,41.63729386653082,-87.5250393256933,9.036158030799303
150002,41.599198,-87.357635,17031,41.62089341074755,-87.52522141979212,8.783804552588247
150002,41.599198,-87.357635,17031,41.604549253832516,-87.52522157368166,8.664018565225497
150002,41.599198,-87.357635,17031,41.58832660604535,-87.52540411263783,8.699119304652863
150002,41.599198,-87.357635,17031,41.57193857244056,-87.52522203655695,8.860711923710628
150002,41.599198,-87.357635,17031,41.55553490587026,-87.52540604061423,9.178602694012552
150002,41.599198,-87.357635,17031,41.53912516651777,-87.52540480797968,9.611795220741996
150002,41.599198,-87.357635,17031,41.52272075604442,-87.52503907977609,10.137345925926775
150002,41.599198,-87.357635,17031,41.506325575630925,-87.52518743688805,10.777977684037001
150002,41.599198,-87.357635,17031,41.48992545045837,-87.5254056419969,11.49768654158873
150002,41.599198,-87.357635,17031,41.47356400513371,-87.52558918640295,12.276731608460919
150002,41.599198,-87.357635,17031,41.47015843549671,-87.54356547247022,13.109821266325456
150002,41.599198,-87.357635,17031,41.47001985075893,-87.56580307057784,13.980986067539668
150002,41.599198,-87.357635,17031,41.47001999478376,-87.58804546702386,14.884469277944646
150002,41.599198,-87.357635,17031,41.46988151155701,-87.61020644618937,15.82193048282019
150002,41.599198,-87.357635,17031,41.46974291162894,-87.63243299945766,16.788157936924286
150002,41.599198,-87.357635,17031,41.4697429727037,-87.65467236423802,17.77192369238612
150002,41.599198,-87.357635,17031,41.469658477310745,-87.67690244735401,18.77694904533883
150002,41.599198,-87.357635,17031,41.46960380266442,-87.69905136353167,19.79301962660114
150002,41.599198,-87.357635,17031,41.46974311001137,-87.72126968578146,20.819958168265455
150002,41.599198,-87.357635,17031,41.46974244002087,-87.74351046205463,21.864062062820455
150002,41.599198,-87.357635,17031,41.46974253973921,-87.76575069403792,22.91825614433494
150002,41.599198,-87.357635,17031,41.46988143643666,-87.78798834127467,23.97753237438293
150002,41.599198,-87.357635,17031,41.48461029847447,-87.79021265295488,23.723398737987626
150002,41.599198,-87.357635,17031,41.50101555129858,-87.79039592939043,23.376113263240143
150002,41.599198,-87.357635,17031,41.51742337328951,-87.79039635368325,23.070086232248553
150002,41.599198,-87.357635,17031,41.53383266544364,-87.79039664279435,22.81628320518641
150002,41.599198,-87.357635,17031,41.547135474565934,-87.79246658483076,22.755705496379495
150002,41.599198,-87.357635,17031,41.558489371637044,-87.79959728398316,23.008690106991327
150002,41.599198,-87.357635,17031,41.558096974295836,-87.8218254207118,24.152258984130246
150002,41.599198,-87.357635,17031,41.55781969146416,-87.84406148006053,25.29580411079481
150002,41.599198,-87.357635,17031,41.55740873043398,-87.86626363605107,26.439132124300727
150002,41.599198,-87.357635,17031,41.55705511050042,-87.88850569499195,27.58444368393865
150002,41.599198,-87.357635,17031,41.55753726813908,-87.90943088017163,28.656377787790678
150002,41.599198,-87.357635,17031,41.57387750447373,-87.90979808622347,28.58045486801648
150002,41.599198,-87.357635,17031,41.59027241080607,-87.9103467402029,28.558266185099725
150002,41.599198,-87.357635,17031,41.60657658612391,-87.91071227748805,28.57143063092111
150002,41.599198,-87.357635,17031,41.622817748612206,-87.91126194444327,28.638186335126502
150002,41.599198,-87.357635,17031,41.63917653806702,-87.91181246810349,28.749407287288125
150002,41.599198,-87.357635,17031,41.64358400247079,-87.92777630444543,29.59901706744426
150002,41.599198,-87.357635,17031,41.64313472472283,-87.95005998271607,30.740720690595168
150002,41.599198,-87.357635,17031,41.64270627018242,-87.97232003082476,31.88202755659303
150002,41.599198,-87.357635,17031,41.64218501107476,-87.99457739133938,33.02324640437187
150002,41.599198,-87.357635,17031,41.641735426966406,-88.01667594350168,34.15729814798255
150002,41.599198,-87.357635,17031,41.649713862986516,-88.02791728095568,34.78446441197875
150002,41.599198,-87.357635,17031,41.6660282811275,-88.02865026502339,34.94867982788812
150002,41.599198,-87.357635,17031,41.68229939980707,-88.02901613324998,35.12912340986663
150002,41.599198,-87.357635,17037,41.71954822183391,-88.60185099402905,64.7438884805244
150002,41.599198,-87.357635,17037,41.75716218820898,-88.60203427511172,65.11927816341641
150002,41.599198,-87.357635,17037,41.7947766233801,-88.6022858304591,65.5989388865319
150002,41.599198,-87.357635,17037,41.83234078726853,-88.60221597033403,66.16028717657476
150002,41.599198,-87.357635,17037,41.86990258472103,-88.60166725016677,66.79400205057664
150002,41.599198,-87.357635,17037,41.907503380725075,-88.6013007190751,67.53130459425562
150002,41.599198,-87.357635,17037,41.94512883474532,-88.6013018658278,68.37774049373891
150002,41.599198,-87.357635,17037,41.98275138210214,-88.60130035591183,69.31113471297763
150002,41.599198,-87.357635,17037,42.0203790065635,-88.60154735778218,70.34000034571756
150002,41.599198,-87.357635,17037,42.05800709284443,-88.60185028927049,71.4512156371257
150002,41.599198,-87.357635,17037,42.08558357487675,-88.58829888978858,71.68722226392524
150002,41.599198,-87.357635,17037,42.12275866435854,-88.58848177467902,72.9180303615848
150002,41.599198,-87.357635,17037,42.15352206985182,-88.59750662768829,74.37934281442499
150002,41.599198,-87.357635,17037,42.153414337681184,-88.64897868454509,76.6572632973485
150002,41.599198,-87.357635,17037,42.15355330221179,-88.70045104139625,78.96638051519005
150002,41.599198,-87.357635,17037,42.15355352720729,-88.75192484197598,81.29171666225258
150002,41.599198,-87.357635,17037,42.153552793435225,-88.8033092825213,83.63207306494104
150002,41.599198,-87.357635,17037,42.15304211305365,-88.85477272373033,85.97817863845415
150002,41.599198,-87.357635,17037,42.15269091997016,-88.9062233506844,88.34540294303743
150002,41.599198,-87.357635,17037,42.139203786124355,-88.9397284606794,89.51756630325173
150002,41.599198,-87.357635,17037,42.101570285004236,-88.93936155152225,88.470771558409
150002,41.599198,-87.357635,17037,42.06506039456552,-88.9405252903231,87.58978453489155
150002,41.599198,-87.357635,17037,42.02859028688429,-88.94192642572575,86.78566543849188
150002,41.599198,-87.357635,17037,41.99109813309051,-88.94210902462127,85.96675720669069
150002,41.599198,-87.357635,17037,41.95347409733817,-88.94174300843045,85.1891050924999
150002,41.599198,-87.357635,17037,41.915858943148436,-88.94155863467753,84.49343404076902
150002,41.599198,-87.357635,17037,41.878241131016956,-88.94137650050847,83.87256479078688
150002,41.599198,-87.357635,17037,41.840618890555454,-88.94137695959598,83.33727338024751
150002,41.599198,-87.357635,17037,41.802998975947474,-88.94137578876983,82.87997554524082
150002,41.599198,-87.357635,17037,41.7653806738484,-88.94150883955568,82.50888624055875
150002,41.599198,-87.357635,17037,41.727764318776465,-88.94155967728337,82.21407549627838
150002,41.599198,-87.357635,17037,41.69108039409874,-88.93972784925859,81.90805467272014
150002,41.599198,-87.357635,17037,41.65347808027695,-88.93917795416407,81.74328277232485
150002,41.599198,-87.357635,17037,41.62878176446574,-88.92182328111276,80.80254757097265
150002,41.599198,-87.357635,17037,41.630109634071744,-88.87077221084589,78.16879189076862
150002,41.599198,-87.357635,17037,41.63133258243525,-88.8197184740449,75.53513736305344
150002,41.599198,-87.357635,17037,41.63091649140788,-88.76865723726097,72.89892199102034
150002,41.599198,-87.357635,17037,41.630500259878865,-88.71758192272218,70.26199142356313
150002,41.599198,-87.357635,17037,41.63091657693925,-88.66692361502223,67.64800212695646
150002,41.599198,-87.357635,17037,41.63133237459362,-88.61589383931546,65.01504226392278
150002,41.599198,-87.357635,17037,41.65884288515149,-88.60256386775303,64.406970203141
150002,41.599198,-87.357635,17037,41.69644896912069,-88.60312497520144,64.63528011110735
150002,41.599198,-87.357635,17089,41.72468053433843,-88.2619597550305,47.4642711380027
150002,41.599198,-87.357635,17089,41.741369203505016,-88.26195971532829,47.6823177764057
150002,41.599198,-87.357635,17089,41.75808773835687,-88.26232601052955,47.945963445562086
150002,41.599198,-87.357635,17089,41.77467801646701,-88.26227070548448,48.21258804479619
150002,41.599198,-87.357635,17089,41.79139810868833,-88.26287419880332,48.539917581766545
150002,41.599198,-87.357635,17089,41.808080653303975,-88.26305857239592,48.87094319767497
150002,41.599198,-87.357635,17089,41.82483090809084,-88.26287507278766,49.21018388625251
150002,41.599198,-87.357635,17089,41.84153381948858,-88.26287390619305,49.58187780316307
150002,41.599198,-87.357635,17089,41.858278549433614,-88.26269255071009,49.96979321987083
150002,41.599198,-87.357635,17089,41.874893963676,-88.26269165530907,50.386563100041165
150002,41.599198,-87.357635,17089,41.89159521606133,-88.26250875508488,50.81955469425441
150002,41.599198,-87.357635,17089,41.90833504626865,-88.26250830391581,51.284499071701205
150002,41.599198,-87.357635,17089,41.925037435096776,-88.2626909743761,51.77848085369229
150002,41.599198,-87.357635,17089,41.941608959157485,-88.26305779072575,52.297663378572935
150002,41.599198,-87.357635,17089,41.958269351943365,-88.26275912521828,52.80913045669357
150002,41.599198,-87.357635,17089,41.97496060121987,-88.26320320104637,53.374984410906976
150002,41.599198,-87.357635,17089,41.99170410965777,-88.26305849388636,53.93512425231049
150002,41.599198,-87.357635,17089,42.00840778561667,-88.26324157932355,54.52706936641055
150002,41.599198,-87.357635,17089,42.025095637174,-88.26324104278031,55.12822925292707
150002,41.599198,-87.357635,17089,42.041839578489885,-88.2634246163511,55.756775016197565
150002,41.599198,-87.357635,17089,42.058599037990106,-88.26342416061776,56.39479949812791
150002,41.599198,-87.357635,17089,42.0670015282221,-88.25154999167349,56.219712028511516
150002,41.599198,-87.357635,17089,42.07362394712883,-88.23800902892478,55.91581168537099
150002,41.599198,-87.357635,17089,42.090379742363304,-88.23833623506009,56.61058911159497
150002,41.599198,-87.357635,17089,42.10713137841963,-88.23833549520955,57.306797091689525
150002,41.599198,-87.357635,17089,42.12375621804441,-88.23833469533498,58.012290735571376
150002,41.599198,-87.357635,17089,42.1405110369234,-88.23833527419475,58.73749701320804
150002,41.599198,-87.357635,17089,42.15424666921665,-88.24247371980033,59.50484353583159
150002,41.599198,-87.357635,17089,42.15383045746131,-88.26390688239134,60.33388686441745
150002,41.599198,-87.357635,17089,42.15369188174838,-88.28676198176935,61.24054978413277
150002,41.599198,-87.357635,17089,42.15383052207509,-88.30936500159041,62.157725767938345
150002,41.599198,-87.357635,17089,42.15396908572977,-88.33228378418178,63.095883202858246
150002,41.599198,-87.357635,17089,42.15424668654196,-88.35519164865654,64.04724266050624
150002,41.599198,-87.357635,17089,42.153969183321074,-88.37787276648844,64.97417784324479
150002,41.599198,-87.357635,17089,42.153969122540424,-88.40067852263647,65.92499396391712
150002,41.599198,-87.357635,17089,42.15383065880887,-88.42344495859221,66.87577568569417
150002,41.599198,-87.357635,17089,42.15397079960589,-88.44601851564256,67.83602708616786
150002,41.599198,-87.357635,17089,42.154108198284675,-88.46848244439163,68.79767608540737
150002,41.599198,-87.357635,17089,42.15405585824755,-88.49139699552889,69.77743456180974
150002,41.599198,-87.357635,17089,42.15383083052614,-88.51431700892695,70.7571002220113
150002,41.599198,-87.357635,17089,42.15369200730473,-88.53716045867762,71.74257971468266
150002,41.599198,-87.357635,17089,42.15369194275689,-88.5600837875212,72.74216940943144
150002,41.599198,-87.357635,17089,42.15355344813403,-88.58300242969818,73.74194338398392
150002,41.599198,-87.357635,17089,42.14093275183978,-88.5886659719599,73.54907395201778
150002,41.599198,-87.357635,17089,42.124549210032974,-88.58848257962875,72.97871158178249
150002,41.599198,-87.357635,17089,42.10824728036909,-88.58829853257232,72.4242093997278
150002,41.599198,-87.357635,17089,42.09148723771116,-88.58829998441222,71.87669785075353
150002,41.599198,-87.357635,17089,42.074726917648476,-88.58829992048733,71.34369189395062
150002,41.599198,-87.357635,17089,42.06644702561588,-88.59988356797975,71.61753479965127
150002,41.599198,-87.357635,17089,42.05126382985401,-88.60185030104844,71.24889183358128
150002,41.599198,-87.357635,17089,42.03450696124564,-88.60166756021319,70.74837602970243
150002,41.599198,-87.357635,17089,42.01774932221344,-88.60148503022766,70.26334698335353
150002,41.599198,-87.357635,17089,42.00099109824538,-88.60142787413812,69.80004860778105
150002,41.599198,-87.357635,17089,41.984233909944834,-88.60130097033424,69.34968430667985
150002,41.599198,-87.357635,17089,41.96747887771385,-88.60145902856063,68.92950969501717
150002,41.599198,-87.357635,17089,41.95072201823283,-88.60146681722097,68.5190279644485
150002,41.599198,-87.357635,17089,41.93396659521142,-88.60130035127092,68.11732761163665
150002,41.599198,-87.357635,17089,41.9172101244011,-88.60130188184617,67.74118337208654
150002,41.599198,-87.357635,17089,41.90047542574625,-88.60148468442091,67.39215993181188
150002,41.599198,-87.357635,17089,41.883720337786336,-88.6015683622319,67.0559639394535
150002,41.599198,-87.357635,17089,41.86696536423631,-88.60166784233796,66.73893221481822
150002,41.599198,-87.357635,17089,41.850213219027566,-88.60185081519185,66.44475574638872
150002,41.599198,-87.357635,17089,41.83351607531196,-88.60221759153524,66.17960503025488
150002,41.599198,-87.357635,17089,41.816761717479,-88.60221732888618,65.91427743211034
150002,41.599198,-87.357635,17089,41.8000623554818,-88.6024008697259,65.6783146934322
150002,41.599198,-87.357635,17089,41.78331039371881,-88.60221714519122,65.44257185668029
150002,41.599198,-87.357635,17089,41.76655749468974,-88.6021931532618,65.23460045233325
150002,41.599198,-87.357635,17089,41.749807109628094,-88.60203473747907,65.03973178312148
150002,41.599198,-87.357635,17089,41.73305454066661,-88.60203451898249,64.8729727156976
150002,41.599198,-87.357635,17089,41.71961145998,-88.5974410524693,64.51873871399292
150002,41.599198,-87.357635,17089,41.719825493879696,-88.57478476158684,63.36135102148302
150002,41.599198,-87.357635,17089,41.720102943028415,-88.55211955894465,62.20451601367912
150002,41.599198,-87.357635,17089,41.720508885057335,-88.5294068436173,61.046912404199006
150002,41.599198,-87.357635,17089,41.72111654067671,-88.50672858589515,59.89352440268316
150002,41.599198,-87.357635,17089,41.72121286549187,-88.4844755371788,58.75772183560016
150002,41.599198,-87.357635,17089,41.721491679162256,-88.46170665934507,57.597855067879536
150002,41.599198,-87.357635,17089,41.721788573853665,-88.43930457017072,56.457521650433186
150002,41.599198,-87.357635,17089,41.72217722994328,-88.41657460980434,55.302073093519894
150002,41.599198,-87.357635,17089,41.722461480580236,-88.39384429949605,54.14629423752547
150002,41.599198,-87.357635,17089,41.722738881482165,-88.37128144831976,52.999742659700125
150002,41.599198,-87.357635,17089,41.722876954472035,-88.34906794248951,51.870248624023425
150002,41.599198,-87.357635,17089,41.72329326428235,-88.32650284556523,50.72676772553708
150002,41.599198,-87.357635,17089,41.72369908088177,-88.30376928316335,49.57560972409845
150002,41.599198,-87.357635,17089,41.724125706528106,-88.2810232395149,48.42515109651287
150002,41.599198,-87.357635,17063,41.456981781558135,-88.59599037722768,64.7847411994816
150002,41.599198,-87.357635,17063,41.436514891067276,-88.59562428425946,65.00543566173543
150002,41.599198,-87.357635,17063,41.4160616777846,-88.59507472711753,65.2465094654789
150002,41.599198,-87.357635,17063,41.39561840070914,-88.59448835841734,65.5151474414443
150002,41.599198,-87.357635,17063,41.3752052177096,-88.59379240688958,65.80697199032834
150002,41.599198,-87.357635,17063,41.3547631252831,-88.59281892926245,66.11421299371096
150002,41.599198,-87.357635,17063,41.334362464793934,-88.59158113881988,66.43608970056476
150002,41.599198,-87.357635,17063,41.313968686992844,-88.59049559249618,66.79356071401952
150002,41.599198,-87.357635,17063,41.29362810696751,-88.5895807940731,67.18589819516743
150002,41.599198,-87.357635,17063,41.27318805243937,-88.58860337490802,67.6044429221502
150002,41.599198,-87.357635,17063,41.2527326568162,-88.58811576500372,68.0738443276806
150002,41.599198,-87.357635,17063,41.23228861075266,-88.58756616315912,68.56586543311798
150002,41.599198,-87.357635,17063,41.211832408327794,-88.58719996601363,69.09233655431866
150002,41.599198,-87.357635,17063,41.19137838261199,-88.5868337992316,69.64343152069938
150002,41.599198,-87.357635,17063,41.170930155431726,-88.58665049509993,70.22704771823237
150002,41.599198,-87.357635,17063,41.150472481893566,-88.58646677518188,70.83428707052312
150002,41.599198,-87.357635,17063,41.130013032406886,-88.58628496068097,71.46444973531152
150002,41.599198,-87.357635,17063,41.109549485747586,-88.5862852205894,72.12526868187629
150002,41.599198,-87.357635,17063,41.10830674605738,-88.5606463277437,70.99539037488648
150002,41.599198,-87.357635,17063,41.10841867819129,-88.5331194115214,69.74099942510526
150002,41.599198,-87.357635,17063,41.108419141793526,-88.50551291259627,68.49364791951277
150002,41.599198,-87.357635,17063,41.1088344956218,-88.47794275308415,67.24065165923643
150002,41.599198,-87.357635,17063,41.10938927489064,-88.450378567969,65.99013147152004
150002,41.599198,-87.357635,17063,41.110083112366844,-88.42285309224218,64.7436960249225
150002,41.599198,-87.357635,17063,41.110776666217504,-88.39567542996669,63.52021881805509
150002,41.599198,-87.357635,17063,41.11145956266531,-88.36813314422722,62.28914622849893
150002,41.599198,-87.357635,17063,41.11214420282256,-88.3406020118987,61.06712526111148
150002,41.599198,-87.357635,17063,41.1128572404499,-88.31305250991761,59.85235984928233
150002,41.599198,-87.357635,17063,41.113550530775164,-88.28550397026041,58.64811476670714
150002,41.599198,-87.357635,17063,41.11410572125561,-88.25792719183687,57.45861350483168
150002,41.599198,-87.357635,17063,41.12220339140471,-88.24120529559868,56.425864041807806
150002,41.599198,-87.357635,17063,41.142626703350416,-88.24199856674218,55.64190389637148
150002,41.599198,-87.357635,17063,41.163043795707665,-88.24273038404958,54.88059545673453
150002,41.599198,-87.357635,17063,41.18349089936488,-88.24346249259322,54.144230906975324
150002,41.599198,-87.357635,17063,41.20390540910828,-88.244195541686,53.43626316975859
150002,41.599198,-87.357635,17063,41.224348114316086,-88.24492751728738,52.75548448839695
150002,41.599198,-87.357635,17063,41.24479819726036,-88.2454772604681,52.09551810480336
150002,41.599198,-87.357635,17063,41.26520636273794,-88.2462092457922,51.47561338208352
150002,41.599198,-87.357635,17063,41.284953102774445,-88.24694265569468,50.906964124563274
150002,41.599198,-87.357635,17063,41.30530999413674,-88.24752274496535,50.344378991624644
150002,41.599198,-87.357635,17063,41.32573963410041,-88.24804180088621,49.81028821246232
150002,41.599198,-87.357635,17063,41.34620161044938,-88.24840688477465,49.302551684804655
150002,41.599198,-87.357635,17063,41.36665893999242,-88.2489565252131,48.83957889211393
150002,41.599198,-87.357635,17063,41.38706223341364,-88.24987232395466,48.43263816624004
150002,41.599198,-87.357635,17063,41.40747228635737,-88.25042176136341,48.04525905786751
150002,41.599198,-87.357635,17063,41.42784861754711,-88.25097215957348,47.697055234846204
150002,41.599198,-87.357635,17063,41.44823461993247,-88.2517042779487,47.39712667532844
150002,41.599198,-87.357635,17063,41.46266850636189,-88.25954794494722,47.58022300213341
150002,41.599198,-87.357635,17063,41.461927806048315,-88.28721613649796,48.99346405134884
150002,41.599198,-87.357635,17063,41.46129139144593,-88.31473794837942,50.39893658965478
150002,41.599198,-87.357635,17063,41.46072689594295,-88.34246463601568,51.81490102551525
150002,41.599198,-87.357635,17063,41.460449367022136,-88.37016050739918,53.22661215170309
150002,41.599198,-87.357635,17063,41.45989428986885,-88.39783533800323,54.64181724082157
150002,41.599198,-87.357635,17063,41.45933978898154,-88.42555148221197,56.05997125334836
150002,41.599198,-87.357635,17063,41.45864625791647,-88.45324379486277,57.479384262894236
150002,41.599198,-87.357635,17063,41.45795241256848,-88.48091293681858,58.89829295541515
150002,41.599198,-87.357635,17063,41.45781379819839,-88.50863467386765,60.31403733686191
150002,41.599198,-87.357635,17063,41.45767516462199,-88.53635880957302,61.73072840782074
150002,41.599198,-87.357635,17063,41.45737031694978,-88.5640904251634,63.15042941853822
150002,41.599198,-87.357635,17063,41.4570170134541,-88.59182943905545,64.57169057050275
150002,41.599198,-87.357635,17197,41.20148937981515,-88.24419603308405,53.5224797019233
150002,41.599198,-87.357635,17197,41.201766356318586,-88.21998988980275,52.43997240838294
150002,41.599198,-87.357635,17197,41.202459847452694,-88.19590600259298,51.35516999194742
150002,41.599198,-87.357635,17197,41.20292805559653,-88.17165506024155,50.27926806546677
150002,41.599198,-87.357635,17197,41.20343131157659,-88.14748242803327,49.213980576415246
150002,41.599198,-87.357635,17197,41.20398591802984,-88.12323735316161,48.15262481201463
150002,41.599198,-87.357635,17197,41.20440304444202,-88.09907581837277,47.109962475264986
150002,41.599198,-87.357635,17197,41.20481782532368,-88.07487456573985,46.07618426525146
150002,41.599198,-87.357635,17197,41.20509541198842,-88.05062065008103,45.057194564251986
150002,41.599198,-87.357635,17197,41.20523369008627,-88.02636460632519,44.05638346182347
150002,41.599198,-87.357635,17197,41.21277096699682,-88.01198440647319,43.1473679958222
150002,41.599198,-87.357635,17197,41.23071530874343,-88.01253367152935,42.410809877145795
150002,41.599198,-87.357635,17197,41.24860398500504,-88.01290138098132,41.69268732849337
150002,41.599198,-87.357635,17197,41.266564262773926,-88.01326743908534,40.99637460749159
150002,41.599198,-87.357635,17197,41.28451771270486,-88.01381653343937,40.33445013927946
150002,41.599198,-87.357635,17197,41.29261761729887,-88.0004781959819,39.44953952500061
150002,41.599198,-87.357635,17197,41.29303332926485,-87.97623278323817,38.38041089937091
150002,41.599198,-87.357635,17197,41.29338536529116,-87.95195149242188,37.32388530806467
150002,41.599198,-87.357635,17197,41.293855162369915,-87.9276684296618,36.2753591378183
150002,41.599198,-87.357635,17197,41.294225481029,-87.90338030630579,35.24445178504506
150002,41.599198,-87.357635,17197,41.294583686330796,-87.87912890208209,34.23074501789178
150002,41.599198,-87.357635,17197,41.294975581650675,-87.85484926102457,33.230981114925
150002,41.599198,-87.357635,17197,41.295253098710596,-87.83055859893666,32.25398892461743
150002,41.599198,-87.357635,17197,41.29553053433753,-87.80626564981227,31.296977803865847
150002,41.599198,-87.357635,17197,41.295807580410354,-87.78200184443314,30.363043626966395
150002,41.599198,-87.357635,17197,41.296085180792616,-87.7577184073383,29.452365272933193
150002,41.599198,-87.357635,17197,41.296224300533424,-87.73342859079973,28.57481478317255
150002,41.599198,-87.357635,17197,41.29650096166866,-87.70913756860186,27.719332376124406
150002,41.599198,-87.357635,17197,41.29663981398524,-87.68484174974803,26.902736073604398
150002,41.599198,-87.357635,17197,41.29677840994773,-87.66055003066293,26.121359472000474
150002,41.599198,-87.357635,17197,41.297055731288076,-87.63634631058434,25.37298775220523
150002,41.599198,-87.357635,17197,41.29733359794314,-87.61206956597415,24.663578534673736
150002,41.599198,-87.357635,17197,41.29747263548312,-87.58777262923688,24.006902533121476
150002,41.599198,-87.357635,17197,41.297661731192626,-87.56347687079568,23.3964313381492
150002,41.599198,-87.357635,17197,41.29788831822945,-87.53918532444315,22.83672368279841
150002,41.599198,-87.357635,17197,41.30675065966763,-87.52668741474105,22.01484868256346
150002,41.599198,-87.357635,17197,41.32471753655214,-87.52668702919998,20.881407978235234
150002,41.599198,-87.357635,17197,41.34268319514442,-87.52650457084773,19.756805411352403
150002,41.599198,-87.357635,17197,41.36064680757116,-87.52632073870615,18.647067949150486
150002,41.599198,-87.357635,17197,41.378614870221604,-87.52632181859607,17.559384503075567
150002,41.599198,-87.357635,17197,41.39657863430017,-87.52613791528607,16.488570403335725
150002,41.599198,-87.357635,17197,41.41454732615867,-87.52613738853441,15.44830280901574
150002,41.599198,-87.357635,17197,41.432497472593894,-87.52577101211332,14.429421670726727
150002,41.599198,-87.357635,17197,41.45033276792139,-87.52595502189116,13.472185438646601
150002,41.599198,-87.357635,17197,41.468291314400446,-87.52566933431378,12.539938395555533
150002,41.599198,-87.357635,17197,41.47015549070785,-87.54740339890276,13.25616463446584
150002,41.599198,-87.357635,17197,41.47001991770274,-87.57175918271317,14.219430759141948
150002,41.599198,-87.357635,17197,41.46988117423174,-87.59603914717182,15.222938919439612
150002,41.599198,-87.357635,17197,41.46988107315998,-87.62039629051473,16.259544264060228
150002,41.599198,-87.357635,17197,41.46974261338261,-87.6447410811245,17.330094584648986
150002,41.599198,-87.357635,17197,41.469742623543134,-87.6690986352801,18.420380555564137
150002,41.599198,-87.357635,17197,41.46960401275899,-87.69335878844313,19.530950645871574
150002,41.599198,-87.357635,17197,41.46974259528517,-87.71769407005526,20.6531672616565
150002,41.599198,-87.357635,17197,41.469742840705344,-87.74205310586538,21.79530934456263
150002,41.599198,-87.357635,17197,41.46974241339642,-87.76641010351508,22.94965622468912
150002,41.599198,-87.357635,17197,41.47028943478702,-87.79021288001579,24.073808527515343
150002,41.599198,-87.357635,17197,41.4882217125286,-87.79026875405141,23.64349496104932
150002,41.599198,-87.357635,17197,41.5061902709212,-87.79039601718023,23.274072788133786
150002,41.599198,-87.357635,17197,41.5241609214918,-87.79039557580026,22.959400872407475
150002,41.599198,-87.357635,17197,41.53903271121354,-87.79223682665295,22.8405483334902
150002,41.599198,-87.357635,17197,41.55699323630827,-87.79277700378287,22.672283593790194
150002,41.599198,-87.357635,17197,41.558236091359966,-87.81509372593548,23.80570880322834
150002,41.599198,-87.357635,17197,41.55795833011369,-87.83942718838364,25.056780375457436
150002,41.599198,-87.357635,17197,41.557503604791556,-87.86374271636302,26.30892056008883
150002,41.599198,-87.357635,17197,41.557072610451264,-87.88810190519877,27.563564946070837
150002,41.599198,-87.357635,17197,41.55880283451633,-87.90943242734046,28.647533056212925
150002,41.599198,-87.357635,17197,41.57670288471105,-87.9098270057457,28.570044914601972
150002,41.599198,-87.357635,17197,41.594583784020244,-87.91052985785471,28.56189442683649
150002,41.599198,-87.357635,17197,41.61252106688713,-87.91089546610993,28.589844917983825
150002,41.599198,-87.357635,17197,41.63030420819349,-87.91162929385787,28.689556797387848
150002,41.599198,-87.357635,17197,41.643856719134845,-87.9178306284428,29.090205895992323
150002,41.599198,-87.357635,17197,41.64337195048043,-87.94222930324493,30.33996596714807
150002,41.599198,-87.357635,17197,41.64284518543352,-87.96661459086063,31.58962547196085
150002,41.599198,-87.357635,17197,41.64225616037712,-87.9909871981565,32.8390440742712
150002,41.599198,-87.357635,17197,41.641735071694065,-88.01520914275768,34.08183712573001
150002,41.599198,-87.357635,17197,41.65019625966334,-88.02791738534845,34.78769920837806
150002,41.599198,-87.357635,17197,41.66807339367027,-88.02865013147536,34.96706738206829
150002,41.599198,-87.357635,17197,41.68589605496295,-88.02920013405151,35.17897705222176
150002,41.599198,-87.357635,17197,41.70381336320577,-88.02956599568344,35.4244266844023
150002,41.599198,-87.357635,17197,41.72164103940592,-88.03029761870673,35.727997717855764
150002,41.599198,-87.357635,17197,41.72857096890041,-88.04492768184258,36.57409552226117
150002,41.599198,-87.357635,17197,41.72814809370888,-88.06921418190403,37.78379502059554
150002,41.599198,-87.357635,17197,41.727593059171575,-88.09362539180165,39.00050775682364
150002,41.599198,-87.357635,17197,41.7268162998101,-88.11779863828586,40.20464709307988
150002,41.599198,-87.357635,17197,41.72648338928787,-88.14071762476694,41.35455977281215
150002,41.599198,-87.357635,17197,41.72578958771057,-88.1643270189266,42.53613742873127
150002,41.599198,-87.357635,17197,41.72551266430656,-88.18868925596713,43.76347672542725
150002,41.599198,-87.357635,17197,41.72522831720824,-88.21299477562847,44.98951196220761
150002,41.599198,-87.357635,17197,41.72495750602166,-88.23735018133308,46.21977785578664
150002,41.599198,-87.357635,17197,41.72431091942327,-88.26141031011446,47.431868735531246
150002,41.599198,-87.357635,17197,41.706366060034405,-88.26086015122166,47.200144058731894
150002,41.599198,-87.357635,17197,41.688424539068194,-88.26049457063974,47.009451165072356
150002,41.599198,-87.357635,17197,41.670455459914166,-88.26012754589897,46.850505820093524
150002,41.599198,-87.357635,17197,41.65250199360412,-88.2595792265678,46.714745946711865
150002,41.599198,-87.357635,17197,41.63456585199212,-88.25901354372594,46.61075653795572
150002,41.599198,-87.357635,17197,41.61660902869778,-88.25824240895037,46.52889096620452
150002,41.599198,-87.357635,17197,41.598648274874776,-88.25746742061405,46.479805186386855
150002,41.599198,-87.357635,17197,41.58069764855299,-88.25673901635409,46.46619809099708
150002,41.599198,-87.357635,17197,41.56281361596132,-88.25591543995964,46.48049629334673
150002,41.599198,-87.357635,17197,41.54501139540844,-88.25511475514685,46.528308366579544
150002,41.599198,-87.357635,17197,41.527117683079865,-88.25441754142858,46.61456155282237
150002,41.599198,-87.357635,17197,41.509153507191364,-88.25383555891412,46.73993797759443
150002,41.599198,-87.357635,17197,41.49119739862804,-88.2531696255334,46.89344687841022
150002,41.599198,-87.357635,17197,41.473238680130386,-88.25258931291732,47.08353148287055
150002,41.599198,-87.357635,17197,41.455281057638764,-88.25188654434707,47.299185705473775
150002,41.599198,-87.357635,17197,41.437428798571574,-88.25133760661433,47.55222429083024
150002,41.599198,-87.357635,17197,41.419503341030264,-88.25061789070577,47.828528031198246
150002,41.599198,-87.357635,17197,41.40160932430325,-88.25025969832052,48.15242104375282
150002,41.599198,-87.357635,17197,41.38371839918767,-88.24954316868377,48.48793972166907
150002,41.599198,-87.357635,17197,41.36579617874298,-88.248956164919,48.859482106521014
150002,41.599198,-87.357635,17197,41.3478386744377,-88.2484613421119,49.264678600393154
150002,41.599198,-87.357635,17197,41.329878465653074,-88.24804089783697,49.70117733345675
150002,41.599198,-87.357635,17197,41.311946881939605,-88.24767561532663,50.16639322874991
150002,41.599198,-87.357635,17197,41.293990515115986,-88.24712500291473,50.64961948977121
150002,41.599198,-87.357635,17197,41.276134951013255,-88.24657611766244,51.155369653749375
150002,41.599198,-87.357635,17197,41.25888068702832,-88.24620888961584,51.67488683004767
150002,41.599198,-87.357635,17197,41.24097406226495,-88.24547650677957,52.221314937871526
150002,41.599198,-87.357635,17197,41.22302476684195,-88.2449060043673,52.79984340102987
150002,41.599198,-87.357635,17197,41.205082409097436,-88.24419558821833,53.39441292047809
150002,41.599198,-87.357635,17043,41.68556573169327,-88.02920000178553,35.17518105251343
150002,41.599198,-87.357635,17043,41.68549021499492,-88.0164802365173,34.52741155455054
150002,41.599198,-87.357635,17043,41.68570441188384,-88.00380921391631,33.88590637319376
150002,41.599198,-87.357635,17043,41.685981976176336,-87.99107545579218,33.24248922351358
150002,41.599198,-87.357635,17043,41.68732533031131,-87.9787334198806,32.63290771132598
150002,41.599198,-87.357635,17043,41.68681427263686,-87.96682689826581,32.022739348120275
150002,41.599198,-87.357635,17043,41.69265133792455,-87.95695210385962,31.60086318090308
150002,41.599198,-87.357635,17043,41.69678405845188,-87.9459195229983,31.103290072450587
150002,41.599198,-87.357635,17043,41.703881232772844,-87.94006203310204,30.917561144451316
150002,41.599198,-87.357635,17043,41.70965525094439,-87.9312838454935,30.57304708187126
150002,41.599198,-87.357635,17043,41.714822612555245,-87.92299602404367,30.25017770151278
150002,41.599198,-87.357635,17043,41.71787589839059,-87.91442623421383,29.880348847845724
150002,41.599198,-87.357635,17043,41.72724113771716,-87.91474245488085,30.077853190779088
150002,41.599198,-87.357635,17043,41.73659800535214,-87.91510870951657,30.29016488455846
150002,41.599198,-87.357635,17043,41.745934610493265,-87.9154742658112,30.514202662415354
150002,41.599198,-87.357635,17043,41.755292170946724,-87.91570004554015,30.743892047421973
150002,41.599198,-87.357635,17043,41.76465074824736,-87.91602375085917,30.990086550132684
150002,41.599198,-87.357635,17043,41.77397317268443,-87.91638967943419,31.248772072829073
150002,41.599198,-87.357635,17043,41.78328648332046,-87.91675677593835,31.51830128506427
150002,41.599198,-87.357635,17043,41.792618350445316,-87.91712182973744,31.79900738712142
150002,41.599198,-87.357635,17043,41.801938896752645,-87.91748988874859,32.09001375875026
150002,41.599198,-87.357635,17043,41.81129733261921,-87.91786789232616,32.39284287118581
150002,41.599198,-87.357635,17043,41.820646683498815,-87.91840520768788,32.71262189242123
150002,41.599198,-87.357635,17043,41.82991864519819,-87.91877135580171,33.031651079795104
150002,41.599198,-87.357635,17043,41.83902984702177,-87.91913729357732,33.354437319663006
150002,41.599198,-87.357635,17043,41.84830975138652,-87.91932080236987,33.68372691093511
150002,41.599198,-87.357635,17043,41.85765043112684,-87.91987073143036,34.0401796620056
150002,41.599198,-87.357635,17043,41.866954640826656,-87.92023515793915,34.3956462361303
150002,41.599198,-87.357635,17043,41.87632896672902,-87.92041903966958,34.75425285127627
150002,41.599198,-87.357635,17043,41.88570167781528,-87.92060317170305,35.121085182850635
150002,41.599198,-87.357635,17043,41.895087321034914,-87.92060222326965,35.48864945624876
150002,41.599198,-87.357635,17043,41.90436311317657,-87.92023563370854,35.844484503231776
150002,41.599198,-87.357635,17043,41.91373607206377,-87.92041824300884,36.23482742864553
150002,41.599198,-87.357635,17043,41.923122160724326,-87.92041884162659,36.62558067472096
150002,41.599198,-87.357635,17043,41.93237317487552,-87.92023557135758,37.010367042732426
150002,41.599198,-87.357635,17043,41.94175949583204,-87.9202361455307,37.41534019698968
150002,41.599198,-87.357635,17043,41.95114583596252,-87.92023514689194,37.82702947211754
150002,41.599198,-87.357635,17043,41.96003343510774,-87.92035552479022,38.227631585425875
150002,41.599198,-87.357635,17043,41.969418267814014,-87.92041972090728,38.654292316741596
150002,41.599198,-87.357635,17043,41.978804379164814,-87.92041881365779,39.08461909367742
150002,41.599198,-87.357635,17043,41.9881903924191,-87.92047024401259,39.522868248379886
150002,41.599198,-87.357635,17043,41.99375605067423,-87.92540816589377,39.96992810782149
150002,41.599198,-87.357635,17043,41.993488923703296,-87.93815202420568,40.44005690018085
150002,41.599198,-87.357635,17043,41.99335046103107,-87.95094890075896,40.923249577323375
150002,41.599198,-87.357635,17043,41.99307287926094,-87.96372362564351,41.4041459967274
150002,41.599198,-87.357635,17043,41.99293365911493,-87.97645517467944,41.89435148532772
150002,41.599198,-87.357635,17043,41.992795356930586,-87.98924983222277,42.39156647300437
150002,41.599198,-87.357635,17043,41.99265641743301,-88.00197937286333,42.8905207941732
150002,41.599198,-87.357635,17043,41.99251760683604,-88.01475943039377,43.395678660362854
150002,41.599198,-87.357635,17043,41.99251769458091,-88.02757090918715,43.91207057601757
150002,41.599198,-87.357635,17043,41.99222690566449,-88.0403664266738,44.4193872413481
150002,41.599198,-87.357635,17043,41.99161797840672,-88.05295714179672,44.90904993039207
150002,41.599198,-87.357635,17043,41.99111216636109,-88.06574336881309,45.41504522200107
150002,41.599198,-87.357635,17043,41.99085345416524,-88.07846939315672,45.9324271340283
150002,41.599198,-87.357635,17043,41.990298401754444,-88.09101334619938,46.433838166967924
150002,41.599198,-87.357635,17043,41.98976894300305,-88.10379655920784,46.949916055796336
150002,41.599198,-87.357635,17043,41.989327713086055,-88.11656149965802,47.47221135180439
150002,41.599198,-87.357635,17043,41.988905435447535,-88.12922889180665,47.99442288423738
150002,41.599198,-87.357635,17043,41.98835664951288,-88.1419847884517,48.51879409557604
150002,41.599198,-87.357635,17043,41.98807930946023,-88.15470811023397,49.0551828818854
150002,41.599198,-87.357635,17043,41.987801954907646,-88.16746130408592,49.5957316660357
150002,41.599198,-87.357635,17043,41.98766340322549,-88.17988958787852,50.1300241677513
150002,41.599198,-87.357635,17043,41.98752440252322,-88.19261885759161,50.67990522514057
150002,41.599198,-87.357635,17043,41.98710871431465,-88.20530607099587,51.22051068328348
150002,41.599198,-87.357635,17043,41.986969845589016,-88.21800161324684,51.77391419152634
150002,41.599198,-87.357635,17043,41.98669247925293,-88.23079010367665,52.328898172083214
150002,41.599198,-87.357635,17043,41.986553987708994,-88.24358186746174,52.89122542987881
150002,41.599198,-87.357635,17043,41.9862762181229,-88.2563667734276,53.45068407145134
150002,41.599198,-87.357635,17043,41.98165813111635,-88.26287433966806,53.58461019041485
150002,41.599198,-87.357635,17043,41.972292704115844,-88.26305812498622,53.27992789234243
150002,41.599198,-87.357635,17043,41.96296005967043,-88.26287544782905,52.96584255510589
150002,41.599198,-87.357635,17043,41.95360713016017,-88.26278854433001,52.661497780787805
150002,41.599198,-87.357635,17043,41.944285765078234,-88.26314003288931,52.3844452552893
150002,41.599198,-87.357635,17043,41.93490359978484,-88.26294871496492,52.0869947887613
150002,41.599198,-87.357635,17043,41.92569934178738,-88.26269175238808,51.798189619291215
150002,41.599198,-87.357635,17043,41.91636785358817,-88.26250918221454,51.51538451041623
150002,41.599198,-87.357635,17043,41.90698175676992,-88.26250845088383,51.24610445089836
150002,41.599198,-87.357635,17043,41.89761153589495,-88.2625091324487,50.98415135775581
150002,41.599198,-87.357635,17043,41.88822567122143,-88.26250840132137,50.728616609592116
150002,41.599198,-87.357635,17043,41.878895044506805,-88.26269141420373,50.49030573347591
150002,41.599198,-87.357635,17043,41.869644186257794,-88.26250797689426,50.24361983142397
150002,41.599198,-87.357635,17043,41.860261334187136,-88.26260027871022,50.01389540439819
150002,41.599198,-87.357635,17043,41.8508864001393,-88.26267745367109,49.791006587215236
150002,41.599198,-87.357635,17043,41.841503644111356,-88.26287409666728,49.581193751290265
150002,41.599198,-87.357635,17043,41.83213946746457,-88.26305914778551,49.378847575107066
150002,41.599198,-87.357635,17043,41.822785773300424,-88.26287462427979,49.16631130846075
150002,41.599198,-87.357635,17043,41.81340445346579,-88.26304100495717,48.9780599887198
150002,41.599198,-87.357635,17043,41.80402007455066,-88.26305753862707,48.79023566663619
150002,41.599198,-87.357635,17043,41.79470688339162,-88.26287495042007,48.601805555252135
150002,41.599198,-87.357635,17043,41.78532527751925,-88.26270160075276,48.42041649572331
150002,41.599198,-87.357635,17043,41.77594784426567,-88.26250888750292,48.246153842976746
150002,41.599198,-87.357635,17043,41.7667347293784,-88.2623248499804,48.08309226700493
150002,41.599198,-87.357635,17043,41.75736620787102,-88.26232555480048,47.93481191946344
150002,41.599198,-87.357635,17043,41.74798459799411,-88.26220295922074,47.78843110275454
150002,41.599198,-87.357635,17043,41.73863303846998,-88.26196022039049,47.64475048017916
150002,41.599198,-87.357635,17043,41.72931289488032,-88.26195879957407,47.52204453288522
150002,41.599198,-87.357635,17043,41.724680832340916,-88.25569825524975,47.146633577262754
150002,41.599198,-87.357635,17043,41.72481922611325,-88.24295300123997,46.50204352222098
150002,41.599198,-87.357635,17043,41.72481890101965,-88.23026722148944,45.859077281709276
150002,41.599198,-87.357635,17043,41.72495767887989,-88.2175120967908,45.21473128480977
150002,41.599198,-87.357635,17043,41.72523475905349,-88.20493394165368,44.58156986879884
150002,41.599198,-87.357635,17043,41.72544377124366,-88.19218159906242,43.93916557700214
150002,41.599198,-87.357635,17043,41.725647971000946,-88.17942800017136,43.297111190023195
150002,41.599198,-87.357635,17043,41.72578966833283,-88.16674594393284,42.65830304388151
150002,41.599198,-87.357635,17043,41.7260672961801,-88.1541431381145,42.02589466814022
150002,41.599198,-87.357635,17043,41.72648332271355,-88.14205977169148,41.42223598815129
150002,41.599198,-87.357635,17043,41.72634488378054,-88.12990766269145,40.80764731851925
150002,41.599198,-87.357635,17043,41.72676091587007,-88.11805122761467,40.21654235741375
150002,41.599198,-87.357635,17043,41.727048685875346,-88.10551111037167,39.5897654510436
150002,41.599198,-87.357635,17043,41.727593221571624,-88.0928137266984,38.95972523894544
150002,41.599198,-87.357635,17043,41.72790446002142,-88.08008092036033,38.32512328936862
150002,41.599198,-87.357635,17043,41.728148044254866,-88.06732555245782,37.689091327905494
150002,41.599198,-87.357635,17043,41.72856393437534,-88.05467348958105,37.06184083966639
150002,41.599198,-87.357635,17043,41.728668591162254,-88.04196506903672,36.42750147993639
150002,41.599198,-87.357635,17043,41.728048257532926,-88.03048110085437,35.84283989654437
150002,41.599198,-87.357635,17043,41.7186744728542,-88.03017564012977,35.67470090326003
150002,41.599198,-87.357635,17043,41.7093481992396,-88.02993273012494,35.521417009133295
150002,41.599198,-87.357635,17043,41.700105750124955,-88.02938197235467,35.36474182666206
150002,41.599198,-87.357635,17043,41.69072649414399,-88.02919897523387,35.23597132074219
150002,41.599198,-87.357635,17111,42.15424676217175,-88.19951161378931,57.832592415267385
150002,41.599198,-87.357635,17111,42.1828048830496,-88.1995111375719,59.151603010945884
150002,41.599198,-87.357635,17111,42.21136334412261,-88.19932791049794,60.49947558164727
150002,41.599198,-87.357635,17111,42.239773453107645,-88.19877804127151,61.86042359274582
150002,41.599198,-87.357635,17111,42.26802361688015,-88.1984129556212,63.251458654081134
150002,41.599198,-87.357635,17111,42.29645212779848,-88.19896203672066,64.7119613501238
150002,41.599198,-87.357635,17111,42.325017355170296,-88.19896278484255,66.18721912611805
150002,41.599198,-87.357635,17111,42.35351171214702,-88.19852238138913,67.66963269520427
150002,41.599198,-87.357635,17111,42.38205462869321,-88.19877916144313,69.20124098395964
150002,41.599198,-87.357635,17111,42.41062723704276,-88.19877941161248,70.74821155308541
150002,41.599198,-87.357635,17111,42.43906449957411,-88.19877913305692,72.30846425354382
150002,41.599198,-87.357635,17111,42.467633610873726,-88.19914550039731,73.90634176573514
150002,41.599198,-87.357635,17111,42.49518106114665,-88.20091609685048,75.50552157011636
150002,41.599198,-87.357635,17111,42.49490346270903,-88.24015563450368,76.66079604353183
150002,41.599198,-87.357635,17111,42.494764869702045,-88.27913534254598,77.85048514675174
150002,41.599198,-87.357635,17111,42.49462619878422,-88.31838975873853,79.08161360000621
150002,41.599198,-87.357635,17111,42.494608270466856,-88.35764530115112,80.350769129366
150002,41.599198,-87.357635,17111,42.49452179193168,-88.39689908485569,81.6462266354263
150002,41.599198,-87.357635,17111,42.49473036172244,-88.43588930501589,82.97641443657038
150002,41.599198,-87.357635,17111,42.49462604000766,-88.47514082493772,84.32639215333725
150002,41.599198,-87.357635,17111,42.494764733762565,-88.51438853423555,85.71430479732169
150002,41.599198,-87.357635,17111,42.49495663848886,-88.55364055511683,87.1293632806747
150002,41.599198,-87.357635,17111,42.4950425589083,-88.59289650676652,88.56263896171208
150002,41.599198,-87.357635,17111,42.49504232178172,-88.63215250367409,90.01406951582885
150002,41.599198,-87.357635,17111,42.494475083946696,-88.67138443535819,91.45961479010226
150002,41.599198,-87.357635,17111,42.491267160502304,-88.70733483021245,92.68037550956876
150002,41.599198,-87.357635,17111,42.462697860000915,-88.70653857948582,91.36121908405943
150002,41.599198,-87.357635,17111,42.43439675546244,-88.7062473320022,90.09762216443771
150002,41.599198,-87.357635,17111,42.40582633461393,-88.70587011733069,88.84406504557259
150002,41.599198,-87.357635,17111,42.377281339716305,-88.70568660861447,87.62593310921336
150002,41.599198,-87.357635,17111,42.348710069811325,-88.70568609214331,86.44205460175233
150002,41.599198,-87.357635,17111,42.32014846927133,-88.70568627629127,85.2878245249189
150002,41.599198,-87.357635,17111,42.29157932192566,-88.7056857907906,84.16368983749811
150002,41.599198,-87.357635,17111,42.26301481156991,-88.70550363216667,83.06361288676389
150002,41.599198,-87.357635,17111,42.23448198446859,-88.70550282817464,82.00528048154135
150002,41.599198,-87.357635,17111,42.20659077242028,-88.70550295634223,81.00377142228358
150002,41.599198,-87.357635,17111,42.1780279540672,-88.7056866405238,80.02140884882371
150002,41.599198,-87.357635,17111,42.1535532939773,-88.70010010589708,78.95059630167597
150002,41.599198,-87.357635,17111,42.15341438084832,-88.66103797146653,77.19521417805832
150002,41.599198,-87.357635,17111,42.15341458139061,-88.62197424461088,75.45721589090637
150002,41.599198,-87.357635,17111,42.15355358774016,-88.58291348120024,73.7380388766104
150002,41.599198,-87.357635,17111,42.15369142462588,-88.5438546082075,72.03390227988456
150002,41.599198,-87.357635,17111,42.15396907863824,-88.50487608831989,70.35452399782201
150002,41.599198,-87.357635,17111,42.15410758226907,-88.46582216809684,68.68407966751391
150002,41.599198,-87.357635,17111,42.15383055157762,-88.42756982096049,67.04976267215437
150002,41.599198,-87.357635,17111,42.153969361580536,-88.38878328320378,65.42816747315251
150002,41.599198,-87.357635,17111,42.1541492501456,-88.34996378525864,63.828061417418574
150002,41.599198,-87.357635,17111,42.15383058195776,-88.31091851748204,62.22066485089232
150002,41.599198,-87.357635,17111,42.15383064795772,-88.2722100867411,60.66439772321525
150002,41.599198,-87.357635,17111,42.15424664989623,-88.23467063760391,59.19849771803483